"0","1","CLASS"
"1",-1.6989996606573,0.191950922355572,1
"2",-1.95398807737981,-0.104567936159921,1
"3",-1.96512057993468,-0.411255040976074,1
"4",-2.24915662885582,-0.81770032154114,1
"5",-2.12635793540314,-1.11391944014257,1
"6",-1.97816561159332,-1.3803246936367,1
"7",-1.9851426191073,-1.77576677685652,1
"8",-1.8609398349592,-2.09719253764531,1
"9",-1.67261058800395,-2.3667306253173,1
"10",-1.42068074001875,-2.54697944946502,1
"11",-1.26442251699416,-2.9405013721,1
"12",-0.962632344473229,-3.0391837090543,1
"13",-0.66489926521396,-3.11298509306345,1
"14",-0.363557002013929,-3.09612188081621,1
"15",-0.0917334482468626,-3.54115789782455,1
"16",0.220315088775694,-3.50708286956769,1
"17",0.535608671993443,-3.56329901066165,1
"18",0.875973907623702,-3.68096962059467,1
"19",1.19833744593818,-3.66301128829465,1
"20",1.51242777409082,-3.60790741975259,1
"21",1.84399697845416,-3.57630121342782,1
"22",2.14911743242011,-3.47701381145472,1
"23",2.4103231941778,-3.30790586943507,1
"24",2.56516171996262,-3.01846291478103,1
"25",3.01410753674532,-3.06047059589861,1
"26",3.23021538781746,-2.83830202415813,1
"27",3.47179708023299,-2.6391150602379,1
"28",3.59581644094475,-2.35672211843269,1
"29",3.89565614662174,-2.1864485620005,1
"30",4.1766997772307,-1.98546222963575,1
"31",4.4492491872412,-1.7618243268064,1
"32",4.47889584578916,-1.44100169272523,1
"33",4.67334265660496,-1.17545609063387,1
"34",4.75846131148106,-0.877796492877652,1
"35",4.7357005263366,-0.567482388905797,1
"36",4.92016455656407,-0.280293367632774,1
"37",4.99174041047819,0.0233401822995142,1
"38",5.07521944068208,0.332972011159417,1
"39",5.22071013617135,0.659366121896647,1
"40",5.19763559844017,0.973001968539698,1
"41",5.09852161625199,1.26832819131347,1
"42",5.06325534112554,1.57692351913133,1
"43",5.10706840638977,1.91884267169307,1
"44",5.02892222923671,2.22336852661719,1
"45",4.83510441504982,2.47168805790148,1
"46",4.73646283590735,2.76424358511681,1
"47",4.71236276216771,3.11063100470195,1
"48",4.61182422714919,3.41987565227627,1
"49",4.39397572026086,3.64257650735283,1
"50",4.30487662926827,3.97651114684345,1
"51",4.09109177544887,4.20284330200238,1
"52",3.83247981042702,4.3758120682401,1
"53",3.69039115669359,4.68551247987554,1
"54",3.38827246621196,4.79211475061358,1
"55",3.30271844878485,5.21926666077024,1
"56",3.08513101125669,5.47227888357878,1
"57",2.72316249212127,5.45582081765689,1
"58",2.44000754562737,5.56888313261073,1
"59",2.23592279663462,5.8802005678129,1
"60",1.93743762194869,5.96281987337546,1
"61",-0.832887675708662,-1.83218988686219,2
"62",-0.498620637606774,-1.86913112997196,2
"63",-0.232549512571094,-2.14767590718006,2
"64",0.0772388099303829,-2.23512399587174,2
"65",0.384339692639789,-2.26074596715112,2
"66",0.730830505261195,-2.40445515157912,2
"67",0.982853963052696,-2.22700257829388,2
"68",1.456304206135,-2.48064152694664,2
"69",1.70874831735474,-2.28825217345564,2
"70",2.15182358969293,-2.31988581831071,2
"71",2.3279651711691,-2.04285180655292,2
"72",2.50351392064207,-1.79069476542932,2
"73",2.86179016696296,-1.65602575758121,2
"74",2.94858798076215,-1.35602398721945,2
"75",3.11525847170397,-1.10218651787844,2
"76",3.43609551953461,-0.88258460398691,2
"77",3.51228058367189,-0.58471212147105,2
"78",3.67753340974748,-0.29679776176203,2
"79",3.77934955484828,0.0076036343241689,2
"80",3.78075282711451,0.313713591742011,2
"81",3.82427185653238,0.624627183274473,2
"82",3.8818363591655,0.947719288176422,2
"83",3.995740233013,1.3044001083829,2
"84",3.70648413737585,1.52457605015911,2
"85",3.83977616934554,1.91969191420791,2
"86",3.73103383643361,2.21489513629053,2
"87",3.68293061223187,2.55583693825891,2
"88",3.44351183918459,2.76458985917742,2
"89",3.34559673530616,3.08685504081697,2
"90",3.16858903434223,3.34778060960777,2
"91",2.92929420884617,3.54056952577292,2
"92",2.83126099478788,3.92064525612467,2
"93",2.60315128427955,4.14682364236576,2
"94",2.34120249573358,4.32060624384961,2
"95",2.12759681441655,4.59754056670438,2
"96",1.82228860653043,4.68346186417837,2
"97",1.49346279262143,4.67060126287954,2
"98",1.23900593016119,4.87989990718056,2
"99",0.942627320722442,4.94060084446488,2
"100",0.664857939660831,5.12129077392481,2
"101",0.366074081401038,5.1954456005061,2
"102",0.0652501016729239,5.33228369543073,2
"103",-0.239484495636916,5.28944172791973,2
"104",-0.556462939079702,5.43019214722079,2
"105",-0.857124626611723,5.36562549880733,2
"106",-1.21789067408355,5.60066880482628,2
"107",-1.51155368410735,5.47690470936925,2
"108",-1.83187104338176,5.45633275461228,2
"109",-2.12480863003063,5.35068493484977,2
"110",-2.48511809058647,5.39575104917046,2
"111",-2.68475237716771,5.09813417640581,2
"112",-2.98504045793519,5.01002411097756,2
"113",-3.37645557638272,5.04837349015695,2
"114",-3.53916977315464,4.74164299874816,2
"115",-3.838493570188,4.62765497595046,2
"116",-4.09049207256711,4.45043300430992,2
"117",-4.35065758117389,4.27913455907386,2
"118",-4.59947315255924,4.09231689495162,2
"119",-4.89558006281192,3.93883606893347,2
"120",-5.06885735493758,3.68274043675492,2
"121",1.27058528643533,-1.16207072185593,3
"122",1.73957780979806,-1.12696593115621,3
"123",1.88820167333718,-0.847794930000375,3
"124",2.12964760508719,-0.611504480911501,3
"125",2.3324909566572,-0.34242079543087,3
"126",2.56498964755039,-0.0489560877759919,3
"127",2.59397282273371,0.26410556242977,3
"128",2.66244964616878,0.586147918648222,3
"129",2.62522912596502,0.891169336249762,3
"130",2.64471842467089,1.22470104220641,3
"131",2.62654635295796,1.56152511092973,3
"132",2.48642054563513,1.83481579836013,3
"133",2.45342270266871,2.20468836912062,3
"134",2.16119671911474,2.3422966166193,3
"135",2.10585314499136,2.74599746444894,3
"136",1.80324163375342,2.84086225635992,3
"137",1.64800943292655,3.1723204476004,3
"138",1.39833571762303,3.35695817880432,3
"139",1.13834268693186,3.52759147139766,3
"140",0.882171315749691,3.74449555560275,3
"141",0.567299289054867,3.6971067979908,3
"142",0.308008755996767,4.1155174905494,3
"143",-0.00541383195640237,3.9189509149907,3
"144",-0.312647664937301,4.10189285898557,3
"145",-0.613720908823245,4.07598084633647,3
"146",-0.929720354699372,4.12713680152306,3
"147",-1.32218656953231,4.39052904790993,3
"148",-1.57657546720715,4.15934988806614,3
"149",-1.83272427847721,3.98526011121183,3
"150",-2.11353307059788,3.88049558550961,3
"151",-2.51526799456277,3.96384003456228,3
"152",-2.78147375157042,3.80522364411068,3
"153",-3.04464557650689,3.64372941725432,3
"154",-3.27339755371789,3.44364562349804,3
"155",-3.48960834335479,3.23517204792172,3
"156",-3.76462687602835,3.07698181566649,3
"157",-4.1653065649258,2.99661646390127,3
"158",-4.25412695210617,2.68377550626724,3
"159",-4.39349837465824,2.41552193957322,3
"160",-4.87681356304889,2.31535817340388,3
"161",-4.92495248302449,1.99285349018905,3
"162",-5.02454577752566,1.70082068714696,3
"163",-5.2944252195914,1.45908819015775,3
"164",-5.40758418076499,1.1641233392428,3
"165",-5.3713705486101,0.8434437395866,3
"166",-5.74656360520128,0.576801490149165,3
"167",-5.57886606808415,0.250524376115625,3
"168",-5.52190431290803,-0.0538372081568546,3
"169",-5.69265497513376,-0.363987639156789,3
"170",-5.75316005969929,-0.678829245748202,3
"171",-5.9683483211302,-1.02790394903562,3
"172",-5.74258171283314,-1.30331879469244,3
"173",-5.7508157463565,-1.62465210145676,3
"174",-5.65754858291859,-1.91912651325856,3
"175",-5.57555440868386,-2.21592376284897,3
"176",-5.52920640577036,-2.52992847432747,3
"177",-5.51239657500281,-2.86649759097777,3
"178",-5.51653262313905,-3.22868693528626,3
"179",-5.30349949737024,-3.4679874522438,3
"180",-5.18092553450957,-3.7641627352501,3
"181",1.43472850950716,0.813520462700097,4
"182",1.58148170074318,1.28355276261614,4
"183",1.4189625404252,1.5660019793335,4
"184",1.1676269165036,1.72972150752862,4
"185",1.07401523338536,2.16818299576636,4
"186",0.810680388279234,2.3419737620232,4
"187",0.582871795593568,2.69897693493675,4
"188",0.258193993969415,2.64077067043134,4
"189",-0.0366413337364746,2.79727045233094,4
"190",-0.340321265478624,2.83397551323852,4
"191",-0.668222005160304,2.95738879215711,4
"192",-1.00798603782974,3.02572684193989,4
"193",-1.28736714653533,2.89917602100718,4
"194",-1.6747645250661,2.98405282797941,4
"195",-1.8750291341867,2.72654383144805,4
"196",-2.17572066054325,2.63049926341084,4
"197",-2.6300055486287,2.67180587571955,4
"198",-2.72353565012681,2.33551467821437,4
"199",-3.08938230834512,2.23508505978461,4
"200",-3.26090845509175,1.97928676344971,4
"201",-3.54840744226109,1.78649923691345,4
"202",-3.86631410754336,1.58412126226453,4
"203",-4.03819709723958,1.30592503203471,4
"204",-4.01063352143404,0.973336815572657,4
"205",-3.95078938389491,0.65669104572186,4
"206",-4.53589641201246,0.421172818251111,4
"207",-4.4422426299373,0.0961993482615166,4
"208",-4.49529787078115,-0.216624424696108,4
"209",-4.48297223150836,-0.526354687845569,4
"210",-4.55510665862583,-0.850421341190669,4
"211",-4.48757020088281,-1.1519873225069,4
"212",-4.52024163021808,-1.48315420057165,4
"213",-4.39861404116257,-1.76659299535284,4
"214",-4.24686294680074,-2.0300287515897,4
"215",-4.3713239794951,-2.43972617527768,4
"216",-4.30798740840335,-2.76987266588677,4
"217",-4.03158131193005,-2.95801477337852,4
"218",-3.81842970460238,-3.17616580484776,4
"219",-3.80270555560472,-3.5707583720993,4
"220",-3.57755373484497,-3.78356680866974,4
"221",-3.2783884560675,-3.90281945582464,4
"222",-3.18463655261209,-4.27234930527412,4
"223",-2.93075960426125,-4.44343925118777,4
"224",-2.71653672521192,-4.67704902829264,4
"225",-2.43767669671831,-4.79992982318073,4
"226",-2.30813926317905,-5.25017669565027,4
"227",-1.9595531555027,-5.22127541089531,4
"228",-1.6497343677169,-5.25101006681422,4
"229",-1.4214155992229,-5.55960975913533,4
"230",-1.13330664851471,-5.68680657098058,4
"231",-0.819587521080599,-5.66788638990472,4
"232",-0.507816207814996,-5.56603375693214,4
"233",-0.227703788213393,-5.86173055930885,4
"234",0.0777529963073407,-6.03845184170089,4
"235",0.386285527670488,-6.01479682093719,4
"236",0.696758360447108,-6.03407528753827,4
"237",1.01904321945574,-6.10602469278196,4
"238",1.296258320722,-5.9256179261674,4
"239",1.66119754685063,-6.12229115032506,4
"240",1.94144589916983,-5.97515608219139,4
"241",-0.369178034100374,1.8058344940146,5
"242",-0.733831115466724,1.90540381322287,5
"243",-1.05104966051962,1.83374327690366,5
"244",-1.32046377950223,1.69138347216667,5
"245",-1.77607849123758,1.73633016430731,5
"246",-1.82995472522038,1.38365405791698,5
"247",-2.21307294528737,1.28733908334598,5
"248",-2.47851364853559,1.08202145267689,5
"249",-2.69690634109555,0.837387308277243,5
"250",-2.99141742691258,0.589732195525713,5
"251",-3.05033608747081,0.281243188968316,5
"252",-3.18963761355455,-0.0236544985941364,5
"253",-3.22095200989588,-0.335319982153186,5
"254",-3.24982068308981,-0.649543772087109,5
"255",-3.35502210195284,-0.994827662399279,5
"256",-3.37810848095638,-1.33711946583619,5
"257",-3.00986396697627,-1.50383088375289,5
"258",-3.19843958044234,-1.95125616009666,5
"259",-3.07735464411824,-2.24530233169429,5
"260",-2.88674156203731,-2.48679072360057,5
"261",-2.83369246499853,-2.86115934079648,5
"262",-2.56699065057823,-3.02902522100085,5
"263",-2.3801193775869,-3.28548832760136,5
"264",-2.22739138545637,-3.61472880158433,5
"265",-2.0299464341919,-3.9099331505824,5
"266",-1.71409878876659,-3.97915807150103,5
"267",-1.42832483187718,-4.09225575036641,5
"268",-1.13761130587006,-4.17526517568887,5
"269",-0.87849576948248,-4.39506526910915,5
"270",-0.580069719218925,-4.45118048077468,5
"271",-0.290536235368449,-4.6144795532427,5
"272",0.0137243887944014,-4.75469357436222,5
"273",0.317826099421445,-4.68418036694862,5
"274",0.671117209416199,-5.0647747149199,5
"275",0.95339445109427,-4.82968519524945,5
"276",1.29315333596822,-4.91540531211549,5
"277",1.50533489242722,-4.56028105674894,5
"278",1.91466524249896,-4.79825860237241,5
"279",2.13750952269558,-4.54280120265866,5
"280",2.53903598807706,-4.65632232146122,5
"281",2.81157237476735,-4.50477881529758,5
"282",3.05546692166607,-4.3155635111954,5
"283",3.44222788110509,-4.31318532494724,5
"284",3.58464533909093,-4.00203222499779,5
"285",3.85250134895289,-3.84230055345081,5
"286",4.070690634073,-3.63090381447278,5
"287",4.33384132883092,-3.45609422932953,5
"288",4.69201908566604,-3.33954930880533,5
"289",4.86824353390171,-3.08251283911208,5
"290",5.1229881335814,-2.87143676664577,5
"291",5.19065133212919,-2.55727429198715,5
"292",5.43678421008734,-2.33166220739309,5
"293",5.58748305952089,-2.05851583916388,5
"294",5.57625362935434,-1.73278348431674,5
"295",6.01788026060571,-1.53677610690043,5
"296",5.97685943295303,-1.20657851251436,5
"297",6.14232781087685,-0.920733408490678,5
"298",6.24927858773379,-0.619425598095071,5
"299",6.221387743974,-0.306356300204674,5
"300",6.25260376520289,-3.06289247495696e-15,5
